92
93
91
47
98
107
100
109
90
101
110
103
112
90
104
113
44
118
119
117
41
43
39
128
136
130
138
40
132
140
40
41
133
141
42
43
134
142
116
135
143
36
41
43
39
128
136
130
138
40
132
140
40
41
133
141
42
43
134
142
116
135
143
36
42
41
43
39
128
136
130
138
40
131
139
150
151
145
152
147
153
149
63
65
67
69
158
173
146
159
174
148
160
175
63
65
67
69
158
173
146
159
174
148
160
175
63
65
67
69
158
173
146
159
174
148
160
175
